[banner.jpeg]
filters=fill=1,0.943925;grain2=1;grain2=1;glow2=1,0.520468,6.940368;
moddate=264b222402ecda01
width=1280
height=1121
textactive=0
